ICAO 	First flight 	Seats 	Fuel Burn 	Fuel efficiency per seat 
A220-100	2013	125	2.28	2.28 (103 mpg‑US)[69]
A220-300	2015	135	2.30	2.13 (110 mpg‑US)[45]
A220-300	2015	150	2.42	2.02 (116 mpg‑US)[86]
A220-300	2015	160	2.56	2.00 (118 mpg‑US)[70]
A319	1995	124	2.93	2.95 (80 mpg‑US)[87]
A319neo	2015	136	2.40	2.22 (106 mpg‑US)[45]
A320	1987	150	3.13	2.61 (90 mpg‑US)[87]
A320neo	2016	180	2.79	1.94 (121 mpg‑US)[88]
A321-200	1996	180	3.61	2.50 (94 mpg‑US)[87]
A321neo	2017	220	3.47	1.98 (119 mpg‑US)[89]
A330-200	1997	293	5.60	2.37 (99 mpg‑US)[87]
AN-148	2004	89	2.75	3.86 (60.9 mpg‑US)[55]
AN-158	2010	99	2.83	3.57 (65.9 mpg‑US)[55]
B737-600	1998	110	2.77	3.15 (75 mpg‑US)[75]
B737-700	1997	126	2.82	2.79 (84 mpg‑US)[75]
B737-700	1997	128	2.80	2.71 (87 mpg‑US)[87]
B737 MAX-7	2017	140	2.51	1.94 (121 mpg‑US)[45]
B737-800	1997	162	3.17	2.44 (96 mpg‑US)[75]
B737-800	1997	160	3.45	2.68 (88 mpg‑US)[87]
B737-800W	1997	162	3.18	2.45 (96 mpg‑US)[90]
B737 MAX-8	2017	162	2.71	2.04 (115 mpg‑US)[90]
B737-900ER	2006	180	3.42	2.38 (99 mpg‑US)[75]
B737-900ERW	2006	180	3.42	2.37 (99 mpg‑US)[90]
B737 MAX-9	2017	180	2.91	2.02 (116 mpg‑US)[90]
B757-200	1982	190	4.60	3.02 (78 mpg‑US)[87]
B757-200	1982	200	4.16	2.59 (90.8 mpg‑US)[76]
B757-300	1998	243	4.68	2.40 (98 mpg‑US)[76]
B787-8	2009	248	5.50	2.77 (85 mpg‑US)[91]
B787-9	2013	296	5.67	2.39 (98 mpg‑US)[92]
B787-10	2017	336	6.09	2.27 (104 mpg‑US)[93]
KODIAK 100	2004	9	0.71	6.28 (37.5 mpg‑US)[94]
A380	2005	544	13.60	3.14 (75 mpg‑US)[100]
B747-400	1988	416	10.77	3.24 (73 mpg‑US)[96]
B747-8	2011	467	9.90	2.65 (89 mpg‑US)[102]
B777-300	1997	368	7.88	2.68 (88 mpg‑US)[104]
B777-200ER	1996	301	6.96	2.89 (81 mpg‑US)[98]
B777-200	1994	305	6.83	2.80 (84 mpg‑US)[104]
A340-300	1992	262	6.81	3.25 (72 mpg‑US)[98]
A330-300	1992	262	6.25	2.98 (79 mpg‑US)[98]
A330-200	1997	241	6.00	3.11 (76 mpg‑US)[98]
A330-900	2016	310	6.00	2.42 (97 mpg‑US)[99]
B767-400ER	1999	304	5.93	2.44 (96 mpg‑US)[103]
B767-400ER	1999	304	5.92	2.43 (96.9 mpg‑US)[74]
B767-400ER	1999	245	5.78	2.95 (80 mpg‑US)[103]
B787-9	2013	304	5.77	2.37 (99 mpg‑US)[99]
B767-300ER	1988	269	5.51	2.56 (92 mpg‑US)[103]
B767-300ER	1988	218	5.39	3.09 (76 mpg‑US)[103]
B767-300ER	1988	218	5.38	3.09 (76 mpg‑US)[96]
B787-8	2009	291	5.26	2.26 (104 mpg‑US)[101]
B787-8	2009	238	5.11	2.68 (88 mpg‑US)[97]
B767-200ER	1984	193	5.01	3.25 (72 mpg‑US)[97]
B767-200ER	1984	224	4.93	2.75 (86 mpg‑US)[103]
B767-200ER	1984	181	4.83	3.34 (70 mpg‑US)[103]
B757-200W	1981	158	3.79	3.00 (78 mpg‑US)[97]
MC-21-300	2017	163	3.04	2.33 (101 mpg‑US)[105]
A321LR	2016	154	2.99	2.43 (97 mpg‑US)[97]
A320	1987	150	2.91	2.43 (97 mpg‑US)[96]
B737 MAX-9	2017	144	2.91	2.53 (93 mpg‑US)[97]
B737 MAX-8	2017	168	2.86	2.13 (110 mpg‑US)[101]
A220-300	2015	150	2.42	2.02 (116 mpg‑US)[70]
A330-200	1997	241	6.40	3.32 (71 mpg‑US)[98]
A330-200	1997	248	6.55	3.30 (71 mpg‑US)[107]
A330-300	1992	274	6.81	3.11 (76 mpg‑US)[107]
A330-800	2017	248	5.45	2.75 (86 mpg‑US)[108]
A330-900	2017	300	5.94	2.48 (95 mpg‑US)[108]
A340-300	1992	262	7.32	3.49 (67.4 mpg‑US)[98]
A350-900	2013	315	6.03	2.39 (98 mpg‑US)[99]
A350-900	2013	318	6.52	2.56 (92 mpg‑US)[107]
A350-900	2013	315	7.07	2.81 (84 mpg‑US)[109]
A350-1000	2016	327	7.46	2.85 (83 mpg‑US)[107]
A350-1000	2016	367	7.58	2.58 (91 mpg‑US)[107]
A380	2005	525	13.78	3.27 (72 mpg‑US)[110]
A380	2005	544	13.78	3.16 (74 mpg‑US)[111]
B747-400	1988	416	11.11	3.34 (70 mpg‑US)[112]
B747-400	1988	393	11.82	3.76 (62.6 mpg‑US)[107]
B747-400	1988	487	12.31	3.16 (74 mpg‑US)[107]
B747-8	2011	467	10.54	2.82 (83 mpg‑US)[102]
B747-8	2011	405	10.90	3.35 (70 mpg‑US)[110]
B777-200ER	1996	304	7.57	3.11 (76 mpg‑US)[107]
B777-200ER	1996	301	7.42	3.08 (76 mpg‑US)[98]
B777-200ER	1996	301	7.44	3.09 (76 mpg‑US)[104]
B777-200LR	2005	291	7.57	3.25 (72 mpg‑US)[99]
B777-300ER	2003	382	8.86	2.90 (81 mpg‑US)[107]
B777-300ER	2003	365	8.49	2.91 (81 mpg‑US)[104]
B777-300ER	2003	344	8.58	3.11 (76 mpg‑US)[110]
B777-9X	2020	395	7.69	2.42 (97 mpg‑US)[110]
B787-8	2011	243	5.38	2.77 (85 mpg‑US)[108]
B787-8 GEnx	2011	220	5.30	3.01 (78 mpg‑US)[107]
B787-8 Trent	2011	220	5.51	3.13 (75 mpg‑US)[107]
B787-9 GEnx	2013	294	5.85	2.49 (94 mpg‑US)[108]
B787-9	2013	304	5.63	2.31 (102 mpg‑US)[99]
B787-9 GEnx	2013	266	5.62	2.64 (89 mpg‑US)[107]
B787-9	2013	291	7.18	3.08 (76 mpg‑US)[109]
B787-10 GEnx	2017	337	6.12	2.27 (104 mpg‑US)[107]
B787-10 Trent	2017	337	6.24	2.31 (102 mpg‑US)[107]
