Blue	Red	Green	

000			
000			
000			
000			
000			
000			
000			
000			
000			
000			
000			
000			
000			
000			
000			
000			
000			
000			
000			
000			
000			
000			
000			
000			
000			
000			
000			
000			
000			
000			
000			
000			
000			
000			
000			
000			
000			
000			
000			
000			
000			
000			
000			
000			
000			
000			
000			
000			
000			
000			
000			
000			
000			
000			
000			
000			
000			
000			
000			
000			
000			
000			
000			
000			
000			
000			
000			
000			
000			
000			
000			
000			
000			
000			
000			
000			
000			
000			
000			
000			
000			
000			
000			
000			
000			
000			
000			
000			
000			
000			
000			
000			
000			
000			
000			
000			
000			
000			
000			
000			
000			
000			
000			
000			
000			
000			
000			
000			
000			
000			
000			
000			
000			
000			
000			
001			
002			
001			
001			
001			
000			
000			
000			
003			
004			
006			
008			
011			
012			
014			
016			
017			
019			
019			
020			
021			
022			
023			
024			
024			
023			
023			
024			
026			
028			
030			
033			
035			
037			
039			
040			
042			
043			
044			
044			
045			
046			
046			
046			
045			
045			
043			
043			
043			
043			
044			
047			
049			
052			
055			
058			
059			
060			
061			
063			
063			
064			
065			
066			
066			
066			
065			
063			
062			
061			
060			
060			
060			
060			
060			
060			
059			
059			
059			
058			
058			
058			
058			
059			
060			
060			
061			
063			
064			
065			
067			
070			
073			
075			
078			
080			
082			
084			
085			
085			
086			
087			
087			
088			
088			
088			
088			
088			
089			
089			
089			
091			
093			
095			
097			
100			
101			
103			
104			
104			
104			
103			
102			
101			
099			
098			
094			
092			
087			
084			
081			
075			
073			
070			
067			
066			
064			
064			
064			
063			
064			
063			
064			
064			
064			
063			
064			
064			
064			
064			
063			
064			
063			
064			
066			
068			
070			
073			
075			
077			
078			
079			
081			
081			
081			
081			
080			
079			
077			
075			
071			
069			
064			
062			
058			
055			
055			
055			
055			
055			
056			
056			
058			
059			
061			
063			
065			
067			
069			
071			
072			
073			
074			
075			
076			
076			
078			
079			
080			
082			
084			
086			
088			
090			
093			
096			
098			
101			
104			
106			
107			
109			
109			
110			
110			
110			
110			
109			
109			
108			
107			
106			
103			
102			
099			
098			
096			
095			
094			
093			
092			
092			
092			
091			
091			
091			
092			
093			
095			
097			
101			
104			
108			
112			
114			
117			
119			
120			
122			
122			
123			
124			
124			
124			
123			
122			
121			
121			
120			
120			
120			
121			
121			
122			
122			
123			
123			
123			
123			
122			
122			
120			
119			
117			
114			
113			
111			
109			
109			
108			
109			
110			
112			
114			
118			
121			
126			
130			
133			
138			
139			
142			
143			
143			
143			
140			
138			
136			
133			
131			
130			
128			
129			
129			
131			
134			
138			
142			
147			
152			
157			
159			
163			
168			
171			
172			
171			
169			
167			
162			
158			
152			
147			
142			
137			
132			
125			
121			
120			
117			
117			
118			
121			
124			
127			
131			
134			
138			
140			
141			
141			
140			
139			
137			
136			
135			
135			
136			
138			
139			
141			
143			
144			
147			
149			
151			
152			
153			
153			
153			
152			
150			
147			
143			
140			
135			
132			
129			
125			
121			
118			
117			
115			
114			
114			
114			
114			
115			
116			
116			
117			
116			
116			
116			
116			
115			
116			
114			
115			
114			
114			
113			
113			
113			
113			
113			
113			
115			
116			
117			
118			
119			
119			
121			
121			
122			
123			
127			
131			
135			
140			
146			
151			
155			
159			
161			
163			
164			
165			
165			
164			
162			
160			
155			
151			
145			
140			
135			
133			
131			
131			
132			
135			
138			
142			
147			
152			
158			
163			
167			
171			
173			
176			
176			
175			
173			
171			
167			
164			
161			
158			
156			
156			
157			
159			
163			
167			
172			
176			
183			
187			
192			
195			
196			
196			
196			
194			
191			
187			
181			
176			
169			
165			
161			
159			
159			
160			
163			
167			
173			
179			
185			
192			
197			
202			
206			
209			
210			
210			
209			
207			
207			
206			
205			
205			
205			
207			
209			
212			
217			
225			
233			
239			
248			
255			
262			
267			
271			
275			
274			
274			
274			
271			
268			
262			
257			
251			
244			
237			
231			
224			
219			
214			
210			
208			
206			
206			
207			
208			
210			
211			
214			
215			
218			
220			
222			
224			
227			
230			
233			
237			
241			
246			
251			
255			
259			
265			
267			
272			
273			
274			
274			
274			
273			
270			
267			
263			
259			
255			
250			
245			
240			
237			
232			
228			
225			
222			
220			
217			
215			
213			
213			
212			
212			
213			
214			
215			
217			
221			
224			
230			
234			
239			
242			
248			
251			
255			
258			
260			
261			
261			
260			
258			
256			
253			
249			
245			
242			
239			
238			
237			
237			
239			
243			
247			
252			
260			
262			
269			
276			
277			
281			
282			
283			
281			
280			
277			
273			
268			
264			
260			
256			
253			
251			
252			
252			
257			
261			
266			
272			
278			
283			
287			
290			
291			
294			
293			
293			
290			
289			
284			
281			
277			
273			
269			
267			
266			
266			
267			
270			
275			
278			
285			
289			
292			
298			
301			
302			
301			
303			
302			
299			
298			
295			
294			
291			
291			
291			
294			
294			
300			
304			
310			
316			
319			
327			
332			
335			
337			
340			
339			
340			
339			
336			
333			
328			
324			
319			
313			
307			
303			
299			
295			
294			
292			
291			
292			
293			
293			
295			
295			
297			
295			
295			
295			
294			
293			
291			
289			
287			
285			
282			
280			
278			
276			
275			
274			
274			
274			
275			
274			
275			
276			
278			
279			
280			
283			
286			
288			
291			
295			
301			
304			
307			
308			
308			
309			
314			
315			
314			
317			
316			
317			
315			
314			
312			
310			
306			
303			
300			
296			
293			
289			
286			
283			
281			
278			
276			
274			
273			
272			
271			
270			
269			
269			
270			
271			
274			
276			
281			
286			
291			
298			
303			
307			
313			
322			
328			
332			
335			
338			
339			
340			
338			
339			
336			
332			
329			
324			
319			
313			
307			
301			
295			
290			
285			
281			
278			
276			
275			
274			
273			
273			
272			
271			
269			
268			
266			
263			
260			
257			
254			
251			
250			
249			
249			
249			
253			
256			
260			
265			
270			
273			
278			
283			
287			
289			
291			
294			
293			
294			
293			
293			
291			
290			
288			
286			
285			
285			
283			
284			
283			
285			
286			
287			
289			
289			
291			
293			
295			
298			
299			
301			
302			
303			
304			
306			
307			
309			
311			
314			
318			
322			
327			
329			
337			
344			
348			
354			
360			
365			
370			
375			
377			
381			
379			
387			
388			
392			
390			
392			
396			
399			
397			
			
			