Blue	Red	Green	

000	591		
000	591		
000	591		
000	591		
000	591		
000	591		
000	591		
000	591		
000	591		
000	591		
000	591		
000	591		
000	591		
000	590		
000	591		
000	591		
000	591		
000	591		
000	591		
000	591		
000	591		
000	591		
000	591		
000	591		
000	591		
000	590		
000	590		
000	590		
000	589		
000	588		
000	588		
000	587		
000	587		
000	586		
000	585		
000	585		
000	584		
000	584		
000	584		
000	584		
000	584		
000	584		
000	584		
000	584		
000	583		
000	583		
000	583		
000	582		
000	581		
000	581		
000	581		
000	581		
000	580		
000	580		
000	580		
000	580		
000	580		
000	580		
000	580		
000	580		
000	580		
000	580		
000	581		
000	581		
000	581		
000	580		
000	580		
000	580		
000	579		
000	578		
000	578		
000	577		
000	576		
000	576		
000	576		
000	575		
000	575		
000	575		
000	575		
000	575		
000	575		
000	575		
000	575		
000	575		
000	575		
000	575		
000	574		
000	573		
000	573		
000	572		
000	572		
000	571		
000	569		
000	568		
000	567		
000	567		
000	566		
000	565		
000	564		
000	564		
000	566		
000	562		
000	562		
000	562		
000	562		
000	562		
000	562		
000	562		
000	562		
000	560		
000	559		
000	557		
000	555		
000	553		
000	552		
001	550		
002	548		
001	546		
001	544		
001	543		
000	541		
000	539		
000	537		
003	535		
004	535		
006	534		
008	533		
011	532		
012	531		
014	530		
016	526		
017	525		
019	524		
019	522		
020	520		
021	517		
022	514		
023	512		
024	509		
024	507		
023	505		
023	504		
024	503		
026	504		
028	504		
030	504		
033	505		
035	505		
037	505		
039	504		
040	503		
042	501		
043	499		
044	494		
044	492		
045	489		
046	485		
046	480		
046	475		
045	470		
045	466		
043	462		
043	457		
043	454		
043	450		
044	446		
047	442		
049	440		
052	438		
055	434		
058	430		
059	428		
060	423		
061	420		
063	415		
063	412		
064	406		
065	403		
066	399		
066	397		
066	394		
065	392		
063	390		
062	388		
061	388		
060	384		
060	382		
060	378		
060	378		
060	375		
060	375		
059	373		
059	374		
059	375		
058	378		
058	381		
058	385		
058	389		
059	393		
060	397		
060	401		
061	404		
063	407		
064	409		
065	411		
067	412		
070	413		
073	414		
075	415		
078	417		
080	419		
082	421		
084	425		
085	429		
085	434		
086	438		
087	444		
087	449		
088	453		
088	456		
088	459		
088	461		
088	462		
089	462		
089	462		
089	461		
091	459		
093	456		
095	454		
097	452		
100	451		
101	450		
103	450		
104	453		
104	456		
104	460		
103	466		
102	472		
101	477		
099	483		
098	488		
094	491		
092	496		
087	499		
084	501		
081	503		
075	504		
073	505		
070	505		
067	505		
066	504		
064	504		
064	504		
064	504		
063	505		
064	506		
063	508		
064	510		
064	511		
064	514		
063	516		
064	517		
064	519		
064	520		
064	522		
063	522		
064	521		
063	521		
064	519		
066	517		
068	516		
070	513		
073	510		
075	508		
077	505		
078	503		
079	502		
081	503		
081	504		
081	506		
081	508		
080	512		
079	516		
077	518		
075	521		
071	525		
069	526		
064	529		
062	529		
058	530		
055	531		
055	531		
055	530		
055	530		
055	530		
056	529		
056	529		
058	529		
059	529		
061	530		
063	532		
065	533		
067	534		
069	537		
071	538		
072	541		
073	542		
074	543		
075	544		
076	545		
076	546		
078	546		
079	546		
080	546		
082	546		
084	545		
086	545		
088	545		
090	543		
093	543		
096	544		
098	544		
101	546		
104	547		
106	549		
107	550		
109	553		
109	554		
110	556		
110	558		
110	560		
110	562		
109	563		
109	564		
108	565		
107	565		
106	563		
103	565		
102	564		
099	564		
098	563		
096	563		
095	562		
094	562		
093	560		
092	560		
092	559		
092	560		
091	560		
091	561		
091	560		
092	562		
093	562		
095	562		
097	562		
101	562		
104	561		
108	561		
112	562		
114	561		
117	560		
119	559		
120	558		
122	556		
122	555		
123	554		
124	553		
124	552		
124	553		
123	554		
122	555		
121	555		
121	557		
120	557		
120	559		
120	562		
121	564		
121	566		
122	567		
122	566		
123	568		
123	568		
123	568		
123	567		
122	567		
122	566		
120	566		
119	564		
117	563		
114	562		
113	562		
111	561		
109	561		
109	562		
108	560		
109	562		
110	564		
112	563		
114	566		
118	565		
121	566		
126	566		
130	567		
133	568		
138	568		
139	567		
142	566		
143	565		
143	563		
143	562		
140	560		
138	560		
136	558		
133	557		
131	557		
130	556		
128	556		
129	557		
129	558		
131	558		
134	559		
138	561		
142	562		
147	562		
152	563		
157	563		
159	563		
163	563		
168	562		
171	560		
172	559		
171	556		
169	554		
167	552		
162	550		
158	547		
152	544		
147	542		
142	540		
137	539		
132	538		
125	538		
121	538		
120	539		
117	540		
117	541		
118	541		
121	542		
124	542		
127	542		
131	541		
134	540		
138	539		
140	538		
141	537		
141	535		
140	533		
139	532		
137	532		
136	532		
135	532		
135	533		
136	534		
138	536		
139	537		
141	539		
143	541		
144	542		
147	544		
149	545		
151	544		
152	544		
153	544		
153	544		
153	543		
152	542		
150	540		
147	537		
143	535		
140	532		
135	530		
132	527		
129	525		
125	524		
121	523		
118	523		
117	524		
115	525		
114	527		
114	528		
114	529		
114	530		
115	531		
116	531		
116	531		
117	530		
116	529		
116	528		
116	526		
116	524		
115	522		
116	520		
114	517		
115	515		
114	513		
114	512		
113	512		
113	512		
113	513		
113	514		
113	516		
113	517		
115	518		
116	519		
117	519		
118	519		
119	519		
119	518		
121	517		
121	517		
122	515		
123	513		
127	512		
131	510		
135	509		
140	507		
146	507		
151	507		
155	507		
159	509		
161	512		
163	515		
164	518		
165	522		
165	524		
164	526		
162	527		
160	529		
155	530		
151	530		
145	529		
140	529		
135	528		
133	527		
131	526		
131	525		
132	524		
135	523		
138	524		
142	524		
147	525		
152	527		
158	529		
163	533		
167	534		
171	536		
173	539		
176	542		
176	543		
175	544		
173	545		
171	545		
167	545		
164	544		
161	543		
158	541		
156	539		
156	536		
157	533		
159	530		
163	529		
167	528		
172	527		
176	524		
183	524		
187	526		
192	529		
195	531		
196	533		
196	535		
196	538		
194	540		
191	544		
187	543		
181	543		
176	542		
169	541		
165	539		
161	537		
159	535		
159	534		
160	532		
163	531		
167	531		
173	530		
179	531		
185	533		
192	535		
197	538		
202	539		
206	543		
209	543		
210	546		
210	547		
209	550		
207	551		
207	551		
206	551		
205	550		
205	547		
205	546		
207	543		
209	541		
212	540		
217	541		
225	539		
233	540		
239	541		
248	542		
255	544		
262	547		
267	549		
271	552		
275	555		
274	557		
274	557		
274	559		
271	559		
268	560		
262	562		
257	561		
251	561		
244	560		
237	559		
231	556		
224	555		
219	553		
214	550		
210	547		
208	545		
206	542		
206	540		
207	539		
208	538		
210	538		
211	538		
214	539		
215	540		
218	540		
220	540		
222	540		
224	539		
227	538		
230	537		
233	535		
237	533		
241	530		
246	526		
251	523		
255	520		
259	516		
265	514		
267	513		
272	513		
273	514		
274	516		
274	520		
274	522		
273	526		
270	529		
267	532		
263	534		
259	535		
255	537		
250	537		
245	537		
240	536		
237	535		
232	533		
228	530		
225	528		
222	525		
220	522		
217	520		
215	517		
213	516		
213	515		
212	514		
212	514		
213	516		
214	517		
215	519		
217	520		
221	521		
224	523		
230	523		
234	524		
239	523		
242	523		
248	522		
251	520		
255	517		
258	514		
260	511		
261	508		
261	504		
260	500		
258	498		
256	495		
253	494		
249	493		
245	493		
242	494		
239	495		
238	497		
237	498		
237	501		
239	500		
243	504		
247	505		
252	505		
260	504		
262	503		
269	502		
276	499		
277	497		
281	494		
282	490		
283	486		
281	482		
280	477		
277	474		
273	470		
268	466		
264	463		
260	459		
256	458		
253	456		
251	455		
252	455		
252	455		
257	456		
261	456		
266	457		
272	457		
278	456		
283	455		
287	455		
290	454		
291	454		
294	454		
293	454		
293	454		
290	455		
289	456		
284	458		
281	459		
277	460		
273	462		
269	464		
267	465		
266	467		
266	469		
267	470		
270	470		
275	471		
278	471		
285	471		
289	470		
292	469		
298	468		
301	467		
302	465		
301	463		
303	461		
302	459		
299	457		
298	454		
295	453		
294	451		
291	449		
291	448		
291	448		
294	448		
294	449		
300	451		
304	453		
310	455		
316	457		
319	459		
327	462		
332	463		
335	464		
337	464		
340	464		
339	463		
340	461		
339	459		
336	455		
333	453		
328	450		
324	446		
319	444		
313	440		
307	438		
303	437		
299	437		
295	437		
294	439		
292	441		
291	444		
292	446		
293	449		
293	451		
295	452		
295	453		
297	454		
295	454		
295	453		
295	452		
294	451		
293	448		
291	446		
289	444		
287	442		
285	441		
282	440		
280	439		
278	440		
276	440		
275	441		
274	442		
274	444		
274	445		
275	446		
274	448		
275	449		
276	448		
278	448		
279	448		
280	446		
283	445		
286	445		
288	444		
291	445		
295	447		
301	449		
304	453		
307	458		
308	463		
308	466		
309	471		
314	476		
315	481		
314	486		
317	489		
316	492		
317	494		
315	495		
314	496		
312	496		
310	496		
306	495		
303	493		
300	490		
296	487		
293	486		
289	483		
286	480		
283	478		
281	476		
278	475		
276	473		
274	473		
273	473		
272	474		
271	474		
270	474		
269	474		
269	473		
270	472		
271	471		
274	469		
276	469		
281	467		
286	465		
291	464		
298	466		
303	466		
307	470		
313	475		
322	480		
328	487		
332	492		
335	499		
338	504		
339	509		
340	513		
338	518		
339	522		
336	524		
332	525		
329	527		
324	528		
319	528		
313	528		
307	527		
301	526		
295	524		
290	523		
285	522		
281	521		
278	520		
276	520		
275	520		
274	521		
273	521		
273	522		
272	523		
271	524		
269	525		
268	526		
266	526		
263	526		
260	525		
257	525		
254	523		
251	522		
250	520		
249	517		
249	515		
249	514		
253	513		
256	512		
260	513		
265	515		
270	517		
273	521		
278	525		
283	528		
287	532		
289	535		
291	539		
294	542		
293	545		
294	546		
293	547		
293	549		
291	550		
290	550		
288	550		
286	549		
285	548		
285	547		
283	546		
284	545		
283	544		
285	542		
286	541		
287	541		
289	540		
289	540		
291	541		
293	541		
295	542		
298	544		
299	545		
301	546		
302	546		
303	547		
304	547		
306	549		
307	548		
309	550		
311	549		
314	550		
318	550		
322	551		
327	553		
329	554		
337	556		
344	558		
348	562		
354	563		
360	567		
365	569		
370	572		
375	575		
377	577		
381	577		
379	578		
387	579		
388	580		
392	582		
390	582		
392	583		
396	583		
399	583		
397	583		
			
			